v=[2 -1 3];
w=[0 3 -2];